1 0.5475966069745523
1 0.5502121640735502
1 0.5486425339366516
2 0.7681432610744581
2 0.7383309759547383
2 0.7562217194570136
3 0.820923656927427
3 0.8147100424328148
3 0.8184389140271493
4 0.8369462770970783
4 0.8161244695898161
4 0.8286199095022625
5 0.8567389255419415
5 0.8359264497878359
5 0.8484162895927602
6 0.8784165881244109
6 0.8175388967468176
6 0.8540723981900452
7 0.9085768143261075
7 0.8246110325318247
7 0.875
8 0.9217719132893497
8 0.8231966053748232
8 0.8823529411764706
9 0.9349670122525919
9 0.809052333804809
9 0.8846153846153846
10 0.9481621112158342
10 0.8288543140028288
10 0.9004524886877828
11 0.9585296889726673
11 0.8161244695898161
11 0.9015837104072398
12 0.9660697455230914
12 0.8217821782178217
12 0.9083710407239819
13 0.9754948162111216
13 0.8175388967468176
13 0.9123303167420814
14 0.9811498586239397
14 0.8175388967468176
14 0.9157239819004525
15 0.9849198868991518
15 0.8118811881188119
15 0.9157239819004525
16 0.9896324222431668
16 0.8175388967468176
16 0.920814479638009
17 0.9934024505183789
17 0.8161244695898161
17 0.9225113122171946
18 0.9943449575871819
18 0.8161244695898161
18 0.9230769230769231
19 0.9962299717247879
19 0.8147100424328148
19 0.9236425339366516
20 0.9971724787935909
20 0.8076379066478077
20 0.9213800904977375
21 1.0
21 0.8062234794908062
21 0.9225113122171946
